NAME = AISearchfile175,
TOURSIZE = 175,
LENGTH = 21918,
40,93,72,169,42,118,82,50,140,9,129,64,59,131,157,114,7,8,54,153,98,11,69,121,125,41,24,37,1,85,161,104,47,97,73,89,31,12,96,160,112,29,63,49,126,164,116,71,94,100,20,108,119,137,38,65,168,36,173,99,148,75,111,74,106,67,90,66,144,17,68,152,44,57,16,171,166,159,3,46,123,109,130,128,122,143,22,79,70,30,91,10,76,5,14,120,155,6,39,170,35,45,117,139,27,103,81,62,149,132,172,165,113,28,87,78,162,15,34,95,88,33,133,26,4,102,145,53,43,156,61,105,163,138,60,115,51,147,18,2,58,23,167,25,48,84,127,135,55,19,141,107,21,13,154,158,101,150,83,146,110,151,32,124,136,174,175,86,77,92,134,52,142,80,56,
alpha: 0.8200000000000001,
min_temp: 9,
best_time: 41.26328945159912,
