NAME = AISearchfile175,
TOURSIZE = 175,
LENGTH = 21491,
40,93,72,50,169,42,118,131,157,64,59,129,82,9,140,114,7,8,54,153,98,11,69,121,125,1,37,24,41,84,127,85,51,60,138,163,61,105,156,43,34,15,162,103,81,62,87,28,149,113,165,172,132,70,79,30,91,10,76,5,14,120,155,6,39,170,35,45,78,27,117,139,95,26,133,33,88,4,102,145,53,100,94,71,20,116,108,126,49,164,137,148,119,75,74,106,67,90,17,46,123,22,143,122,128,130,109,159,166,3,171,16,57,44,68,152,144,66,111,99,173,168,65,38,36,73,89,31,12,96,160,112,29,63,115,147,2,18,161,104,47,97,58,23,167,25,48,135,141,19,55,107,21,13,154,158,101,150,83,146,110,151,32,124,136,174,175,86,77,92,134,52,142,80,56,
alpha: 0.8200000000000001,
min_temp: 1,
best_time: 21.4768385887146,
