NAME = AISearchfile175,
TOURSIZE = 175,
LENGTH = 21561,
165,93,40,56,80,142,52,134,92,77,86,175,174,136,124,32,151,110,146,83,150,101,158,154,13,21,107,55,19,141,135,48,25,167,23,58,85,127,24,84,41,37,1,11,69,121,125,98,153,54,8,7,114,157,131,118,42,82,50,72,169,129,59,64,140,9,103,162,15,156,105,61,163,138,51,115,60,147,2,18,161,104,47,97,73,89,31,12,96,160,112,29,63,126,49,164,108,116,94,20,71,100,53,102,88,43,34,95,133,26,33,4,145,90,67,74,106,119,137,36,168,65,38,173,99,148,75,111,66,144,152,68,44,16,57,17,46,123,171,3,166,159,109,130,128,143,22,122,30,79,70,91,10,76,5,14,120,155,6,39,170,35,45,117,139,78,27,81,62,149,113,28,87,132,172,
alpha: 0.8200000000000001,
min_temp: 5,
best_time: 53.87435221672058,
