NAME = AISearchfile175,
TOURSIZE = 175,
LENGTH = 21535,
46,123,143,22,122,128,130,159,109,166,16,57,44,68,152,144,66,111,90,67,74,106,75,119,148,99,173,168,65,38,36,137,164,108,126,49,63,29,112,160,96,12,31,89,73,47,97,161,104,18,2,147,115,60,51,138,61,163,105,15,162,103,81,9,140,82,50,72,169,42,118,64,59,129,131,157,114,7,8,54,153,11,98,69,121,125,1,37,85,58,23,167,25,127,24,41,84,48,135,141,19,55,107,21,13,154,158,101,150,83,146,110,151,32,124,136,174,175,86,77,92,134,52,142,80,56,93,40,165,172,132,28,113,149,62,87,70,79,91,30,10,76,5,14,120,155,6,39,170,35,45,78,117,139,27,34,43,156,116,71,20,94,100,145,53,102,88,33,95,26,133,4,3,171,17,
alpha: 0.8200000000000001,
min_temp: 4,
best_time: 53.90782189369202,
