NAME = AISearchfile175,
TOURSIZE = 175,
LENGTH = 21603,
71,94,156,15,43,34,27,162,103,81,62,149,28,113,87,132,172,165,169,42,82,50,72,93,40,56,80,142,52,134,92,77,86,175,174,136,124,32,151,110,146,83,150,101,158,154,13,21,107,55,19,141,135,25,167,23,58,127,84,48,41,24,37,125,121,69,11,1,85,98,153,54,8,7,114,157,131,118,64,59,129,9,140,105,163,61,138,60,147,51,115,2,18,104,161,97,47,73,89,31,12,96,160,112,29,63,49,126,164,108,116,20,119,75,148,137,36,38,65,168,173,99,111,74,106,67,90,66,144,152,68,44,57,16,171,3,159,166,17,46,123,109,130,128,122,143,22,30,79,70,91,10,76,5,14,155,120,6,39,170,35,45,117,139,78,95,26,133,88,33,4,102,53,100,145,
alpha: 0.8200000000000001,
min_temp: 6,
best_time: 34.79890322685242,
