NAME = AISearchfile175,
TOURSIZE = 175,
LENGTH = 21682,
121,69,1,11,98,54,153,8,7,114,157,131,64,59,9,140,62,149,113,28,87,120,155,6,39,170,35,45,117,139,95,26,133,4,33,88,43,34,78,27,81,103,162,15,156,105,61,163,138,51,60,115,147,2,18,161,104,47,97,73,89,31,12,96,112,160,29,63,126,49,164,108,20,116,94,71,145,102,53,100,119,148,137,173,36,38,65,168,99,75,106,74,67,111,90,66,144,152,68,44,57,16,171,17,46,123,166,3,159,109,130,128,143,22,122,70,79,91,10,30,76,14,5,132,172,165,50,169,42,129,118,82,72,93,40,56,80,142,52,134,92,77,86,175,174,136,124,32,151,110,146,83,150,101,158,154,13,21,107,55,141,19,41,84,48,135,23,167,25,58,85,127,24,37,125,
alpha: 0.8200000000000001,
min_temp: 7,
best_time: 20.176446676254272,
