NAME = AISearchfile175,
TOURSIZE = 175,
LENGTH = 21561,
89,31,12,96,160,112,164,126,49,29,63,115,147,60,51,138,163,61,105,15,156,43,34,27,162,103,81,62,149,28,113,87,155,120,6,39,170,35,45,78,139,117,95,133,26,33,88,4,102,53,145,100,94,71,20,116,108,90,67,74,106,75,119,148,137,173,36,38,65,168,99,111,66,144,152,68,17,46,123,143,22,122,128,130,109,159,166,3,171,16,57,44,14,5,76,10,91,30,79,70,132,172,165,72,50,93,40,56,80,142,52,134,92,77,86,175,174,136,124,32,151,110,146,83,150,101,158,154,13,21,107,55,19,141,48,135,25,167,23,58,127,84,41,24,37,1,125,121,69,11,140,9,64,59,129,82,169,42,118,131,157,114,7,8,54,153,98,85,18,2,104,161,97,47,73,
alpha: 0.8200000000000001,
min_temp: 2,
best_time: 32.835673332214355,
