NAME = AISearchfile175,
TOURSIZE = 175,
LENGTH = 21506,
80,56,40,93,72,50,169,82,42,118,64,59,129,131,157,114,7,8,54,153,140,9,103,81,62,149,28,113,165,172,132,87,70,79,91,30,10,76,5,14,120,155,6,39,170,35,45,78,117,139,95,26,133,44,16,57,171,3,166,159,109,130,128,122,22,143,123,46,17,68,152,144,66,90,67,74,106,111,75,99,168,65,38,36,173,137,148,119,164,49,126,108,116,20,94,100,53,71,145,102,4,33,88,43,34,27,162,15,156,105,61,163,138,51,60,147,115,63,29,112,160,96,12,31,89,73,2,18,161,104,47,97,85,58,23,167,25,84,127,24,37,1,98,11,69,121,125,41,48,135,141,19,55,107,21,13,154,158,101,150,83,146,110,151,32,124,136,174,175,86,77,92,134,52,142,
alpha: 0.8200000000000001,
min_temp: 3,
best_time: 50.600895404815674,
