NAME = AISearchfile175,
TOURSIZE = 175,
LENGTH = 21697,
132,14,5,76,10,30,91,79,70,113,28,149,62,87,120,155,6,39,170,35,45,117,139,78,95,26,133,152,68,44,57,171,16,3,166,159,109,130,128,122,22,143,123,46,17,144,66,90,67,111,75,74,106,99,168,65,36,38,173,137,148,119,94,156,15,105,61,163,138,51,115,60,147,2,18,161,104,97,47,73,89,31,12,96,160,112,29,63,49,126,164,108,116,20,71,100,145,53,102,4,33,88,43,34,27,162,81,103,140,9,82,42,118,129,59,64,131,157,7,114,8,153,54,11,98,125,121,69,1,37,127,41,24,85,58,23,167,135,25,48,84,19,141,55,107,21,13,154,158,101,150,83,146,110,151,32,124,136,174,175,86,77,92,134,52,142,80,56,72,169,50,93,40,165,172,
alpha: 0.8200000000000001,
min_temp: 8,
best_time: 17.608439445495605,
