NAME = AISearchfile058,
TOURSIZE = 58,
LENGTH = 26381,
3,41,43,24,1,53,48,34,38,7,37,6,46,23,44,27,56,13,11,42,49,21,25,16,55,31,18,54,19,12,8,58,57,52,17,50,47,15,39,32,2,35,40,4,29,9,51,30,45,36,20,28,14,5,10,26,33,22,
alpha: 0.8200000000000001,
min_temp: 3,
best_time: 25.820738315582275,
