NAME = AISearchfile017,
TOURSIZE = 17,
LENGTH = 1456,
9,3,11,5,4,15,13,12,1,8,10,17,14,6,16,7,2,
alpha: 0.8200000000000001,
min_temp: 4,
best_time: 5.5350587368011475,
