NAME = AISearchfile017,
TOURSIZE = 17,
LENGTH = 1444,
10,17,14,6,16,7,4,15,13,12,1,8,5,11,3,9,2,
alpha: 0.8200000000000001,
min_temp: 7,
best_time: 0.002991914749145508,
