NAME = AISearchfile017,
TOURSIZE = 17,
LENGTH = 1507,
16,7,4,15,17,14,6,10,2,9,3,11,5,8,1,12,13,
alpha: 0.8200000000000001,
min_temp: 2,
best_time: 0.003989458084106445,
