NAME = AISearchfile535,
TOURSIZE = 535,
LENGTH = 49895,
469,410,299,9,214,144,271,389,100,490,179,105,436,302,39,368,475,229,197,147,345,241,266,504,397,499,311,353,442,163,124,119,211,59,287,471,120,217,221,315,272,405,515,185,427,421,348,470,131,13,417,531,103,509,437,401,57,519,169,125,372,370,267,93,396,306,369,178,419,285,274,334,284,309,97,503,264,376,72,53,373,275,527,364,429,508,31,465,413,175,73,69,36,5,32,366,63,276,404,29,450,460,249,479,492,415,324,22,256,513,18,534,61,212,180,532,155,82,520,223,367,104,26,11,359,130,122,278,148,478,86,115,443,198,483,87,399,472,25,16,219,454,35,84,312,522,168,333,420,424,261,327,277,433,47,239,113,43,46,139,313,448,318,164,218,473,402,374,408,150,40,435,444,159,260,209,382,337,94,257,136,484,15,41,528,523,248,220,476,357,114,156,228,371,440,512,480,142,247,146,385,210,489,506,355,466,322,320,121,356,243,145,288,118,305,533,196,426,54,380,101,449,314,279,294,297,60,502,88,110,92,352,486,189,170,230,343,349,52,325,195,500,446,19,485,403,128,65,89,23,328,158,418,49,255,347,481,467,286,482,33,425,310,1,316,270,133,42,62,258,379,331,8,535,252,71,141,162,375,213,387,381,354,428,107,477,111,44,409,108,149,76,505,456,332,225,263,514,344,176,250,152,336,298,231,416,123,303,487,140,67,330,346,191,24,342,363,20,28,157,268,398,430,407,184,301,45,116,96,171,244,232,21,423,378,326,392,251,362,253,400,296,290,79,458,494,81,526,64,445,172,393,281,6,269,521,151,83,361,202,462,174,292,78,386,75,30,459,242,14,34,453,282,329,516,226,411,240,317,99,524,216,447,38,95,497,530,289,134,204,234,291,511,452,461,237,153,77,498,422,27,193,135,321,106,432,138,463,394,236,4,488,468,17,222,491,265,12,496,300,414,132,464,203,238,207,304,293,441,80,412,439,254,66,126,273,190,351,518,161,246,280,127,188,192,50,431,51,173,245,58,7,384,308,339,406,438,259,233,208,129,48,262,85,319,143,335,205,338,307,395,323,517,457,70,507,206,154,215,525,74,165,181,341,68,183,182,455,166,295,451,10,194,224,91,493,137,177,37,495,388,365,383,199,112,529,102,55,3,390,56,235,160,434,474,510,117,350,283,109,200,358,360,377,187,90,340,201,2,186,501,98,227,167,391,
alpha: 0.8200000000000001,
min_temp: 4,
best_time: 34.214887380599976,
