NAME = AISearchfile535,
TOURSIZE = 535,
LENGTH = 49612,
243,356,121,146,322,320,145,288,305,533,196,426,101,298,231,416,123,342,346,487,303,140,67,330,191,24,363,20,398,28,268,157,184,301,407,430,45,116,96,326,171,378,423,244,232,21,392,362,253,251,400,296,290,79,458,494,81,526,64,445,172,393,281,6,269,521,151,83,361,234,530,497,289,134,204,202,462,511,291,452,153,237,461,17,468,488,4,236,394,222,491,265,12,27,422,77,498,135,321,106,432,138,193,496,300,463,414,132,293,441,80,464,280,273,190,126,254,439,238,412,207,304,203,66,351,127,188,246,518,161,192,50,431,51,406,173,58,245,7,384,308,208,129,48,262,85,319,143,205,335,338,233,339,259,438,517,457,323,395,307,70,507,206,154,215,341,181,165,525,74,183,295,182,451,455,166,68,10,224,495,493,137,91,194,388,365,199,112,383,37,177,55,102,529,3,160,390,56,235,510,434,474,38,447,95,216,524,99,317,240,411,226,516,329,282,453,34,14,242,459,292,174,78,386,30,75,109,200,358,187,90,360,377,340,201,186,2,501,98,117,350,283,227,167,391,483,198,86,115,478,443,148,278,122,11,130,359,223,367,104,26,324,415,479,492,513,22,256,18,534,61,532,180,212,155,82,520,399,87,472,25,448,313,139,46,43,40,277,327,261,113,209,260,159,444,435,408,150,433,47,239,402,374,473,218,164,318,420,333,168,522,312,16,219,454,84,35,53,373,275,527,364,429,413,175,508,465,31,36,69,73,450,29,404,5,249,32,366,460,63,276,503,264,376,72,424,97,309,284,334,274,382,337,15,484,528,41,248,523,220,476,225,263,514,344,176,111,477,107,428,381,354,482,33,141,162,375,1,71,252,379,316,133,270,258,62,42,535,8,331,310,425,49,255,481,347,214,144,389,271,9,299,410,469,89,65,380,54,502,279,294,314,449,336,250,152,297,60,88,110,92,486,352,189,170,230,343,349,325,52,195,500,446,403,19,128,485,456,332,158,418,328,23,505,76,149,108,409,44,467,286,387,213,105,436,39,302,368,179,490,100,147,197,229,475,345,241,266,504,397,499,353,442,311,211,163,124,119,59,287,471,120,315,221,217,185,515,405,272,427,348,421,401,437,131,470,13,103,509,531,417,57,519,396,93,267,125,169,372,370,306,369,419,178,285,94,257,136,466,385,210,489,506,355,247,142,480,512,440,371,228,156,114,357,118,
alpha: 0.8200000000000001,
min_temp: 2,
best_time: 40.059404373168945,
