NAME = AISearchfile535,
TOURSIZE = 535,
LENGTH = 49821,
87,472,25,16,219,454,35,84,420,333,168,522,312,53,373,275,527,364,429,508,175,73,69,36,31,465,413,404,450,29,5,249,32,366,460,63,276,503,264,376,97,309,284,334,274,72,424,239,47,433,150,408,318,164,218,473,374,402,448,313,139,43,46,159,260,444,435,40,277,327,209,113,261,320,322,146,247,355,357,114,512,440,142,480,121,356,243,145,288,118,305,371,228,156,385,210,506,489,466,125,169,369,306,519,285,178,419,396,93,267,372,370,131,470,509,103,437,401,57,417,531,13,211,119,124,163,120,471,287,59,217,221,315,272,405,515,185,427,348,421,26,104,367,223,520,82,155,212,180,532,61,534,18,22,513,256,324,415,492,479,382,337,136,257,94,484,15,528,41,248,523,220,476,176,344,514,263,225,332,456,477,111,505,76,108,149,428,107,381,354,482,33,387,213,141,162,375,252,71,1,310,379,133,270,258,62,316,42,535,8,331,425,467,286,44,409,23,328,418,158,49,481,347,255,302,39,436,105,100,490,179,368,197,147,229,475,345,241,266,504,397,499,442,311,353,144,389,214,271,299,9,410,469,89,65,485,403,19,128,446,500,195,325,52,349,343,230,170,189,352,486,92,110,88,502,60,297,250,152,336,449,314,279,294,533,196,426,54,380,101,298,295,182,451,455,166,68,183,341,181,74,525,165,215,154,70,507,206,457,517,395,323,307,51,438,431,50,192,245,58,173,406,259,233,339,308,384,7,262,48,129,208,338,205,335,143,319,85,254,439,203,66,126,190,273,280,127,351,188,518,161,246,464,441,80,293,238,412,207,304,132,4,488,468,236,463,414,300,138,193,496,432,106,321,135,422,77,498,27,12,265,491,222,394,17,461,237,153,452,511,291,234,530,497,289,134,204,462,202,83,361,151,521,269,6,281,393,172,445,64,240,411,99,317,524,216,38,447,95,474,434,510,235,56,390,160,3,102,529,55,37,383,177,137,493,91,224,388,495,199,112,365,194,10,227,391,167,416,231,123,24,191,346,303,487,140,330,67,342,363,398,20,28,268,157,407,301,184,430,116,45,96,171,326,378,244,232,21,423,362,253,392,251,400,296,290,79,458,494,81,526,174,292,78,386,75,30,242,459,14,34,453,282,329,226,516,109,350,283,117,98,501,200,358,360,377,187,90,340,201,186,2,198,483,443,86,478,115,148,278,122,130,359,11,399,
alpha: 0.8200000000000001,
min_temp: 3,
best_time: 59.749802589416504,
