NAME = AISearchfile535,
TOURSIZE = 535,
LENGTH = 50460,
292,78,386,30,75,453,34,14,242,459,282,329,226,516,109,200,358,377,360,90,187,340,201,186,2,501,98,117,350,283,411,99,317,240,511,291,83,361,234,530,497,289,134,204,462,202,521,151,461,153,237,452,6,269,281,393,172,445,64,526,81,79,296,290,400,251,494,458,253,362,392,21,232,244,96,45,116,171,423,378,326,184,407,430,398,20,28,268,157,301,303,487,67,346,140,330,191,24,342,363,123,416,231,298,101,380,54,426,196,533,88,110,486,92,189,352,170,230,343,128,403,19,485,349,52,325,195,500,446,89,65,469,410,299,9,271,214,144,389,270,133,258,62,42,535,8,1,71,252,379,316,331,310,425,482,286,467,44,409,481,347,255,49,418,158,328,23,108,149,505,76,111,477,107,428,354,381,387,213,162,33,141,375,499,241,504,397,442,311,353,266,345,475,197,147,229,368,179,490,100,302,39,436,105,483,198,478,86,443,115,278,148,122,359,130,11,26,104,367,223,532,82,520,155,212,180,18,534,61,513,22,256,324,415,492,479,421,348,427,405,515,272,185,217,221,315,120,119,124,163,211,471,287,59,372,370,13,531,417,437,131,470,103,509,401,57,519,169,125,369,306,178,285,396,267,93,419,382,337,136,257,94,484,15,528,41,466,322,320,146,247,355,506,489,210,385,248,523,476,220,176,344,263,225,514,456,332,449,314,336,152,250,297,60,502,279,294,357,114,156,228,371,512,440,142,480,121,356,243,145,288,118,305,448,313,139,46,43,159,260,209,113,435,444,261,40,277,327,402,374,473,318,218,164,408,150,433,47,239,424,454,219,16,168,333,420,312,522,84,35,53,373,275,527,364,450,29,429,413,175,73,69,36,31,508,465,404,5,249,32,366,460,63,276,503,264,376,72,274,334,284,309,97,25,472,87,399,10,493,137,383,112,199,365,388,194,224,495,37,177,91,529,3,160,56,102,55,390,474,434,235,510,38,447,95,216,524,321,135,496,138,12,422,193,27,498,77,491,222,265,17,468,488,394,236,4,132,414,463,300,432,106,161,518,246,188,280,273,127,351,464,80,441,238,293,304,207,412,203,439,254,190,126,66,384,308,339,438,173,406,259,233,208,338,335,205,129,48,262,85,319,143,7,245,58,192,50,431,51,457,517,323,395,307,215,154,206,507,70,525,165,74,341,181,68,166,451,295,455,182,183,167,391,227,174,
alpha: 0.8200000000000001,
min_temp: 5,
best_time: 30.50381064414978,
