NAME = AISearchfile535,
TOURSIZE = 535,
LENGTH = 49843,
451,182,295,455,166,68,183,341,181,74,165,525,70,507,206,154,215,457,517,323,395,307,338,205,335,143,319,85,262,48,129,208,233,339,259,406,173,51,438,431,50,192,58,245,308,384,7,351,188,127,280,273,190,126,66,254,439,412,207,304,203,238,293,441,80,464,246,161,518,10,194,388,365,199,495,91,224,493,137,177,383,37,112,529,55,102,3,160,434,474,510,235,56,390,38,447,99,317,411,240,524,216,95,452,237,153,461,151,521,269,6,281,393,172,445,64,462,202,204,134,289,497,530,234,361,83,291,511,14,34,242,459,386,78,292,174,75,30,526,81,494,458,79,290,296,400,251,392,253,362,423,378,21,232,244,116,45,96,171,326,407,301,184,157,268,398,430,28,20,363,342,24,191,346,303,140,487,67,330,123,496,432,106,321,135,193,422,27,12,138,300,463,414,132,4,488,468,17,394,236,265,222,491,77,498,453,282,329,516,226,109,200,358,186,2,201,340,187,90,377,360,350,283,117,501,98,227,167,391,505,76,381,354,428,107,111,477,456,332,176,344,514,263,225,499,442,311,353,241,345,266,504,397,475,229,197,147,179,368,302,39,436,105,490,100,252,375,213,387,162,141,33,482,425,310,71,1,379,316,331,8,535,133,270,258,62,42,347,481,467,286,409,44,149,108,23,328,418,158,255,49,389,144,271,214,299,9,469,410,89,65,485,403,19,128,446,500,195,52,325,110,486,92,349,343,230,170,352,189,250,336,449,314,279,294,152,297,60,502,88,380,54,101,426,196,533,305,288,145,243,356,121,274,334,284,309,97,479,492,415,324,256,22,513,534,18,212,82,520,155,180,532,61,367,104,26,223,122,130,359,11,148,278,115,443,478,86,198,483,427,348,421,405,185,515,272,217,221,315,120,471,287,59,211,119,124,163,519,169,417,531,13,103,509,470,131,437,401,57,125,372,370,267,93,396,306,369,178,285,419,382,337,94,257,136,466,489,506,210,355,247,146,322,320,118,480,142,440,512,371,228,156,114,385,357,220,476,248,523,528,41,484,15,424,72,376,264,503,450,29,32,366,460,63,276,249,5,404,36,69,465,31,508,429,73,175,413,16,312,522,420,333,168,84,35,454,219,364,527,275,373,53,261,113,209,260,159,435,444,318,164,218,473,374,402,433,47,239,327,277,40,150,408,46,43,139,313,448,25,472,87,399,298,231,416,
alpha: 0.8200000000000001,
min_temp: 1,
best_time: 58.43748641014099,
