NAME = AISearchfile535,
TOURSIZE = 535,
LENGTH = 50540,
109,200,358,90,187,340,201,186,2,98,501,117,283,350,3,102,55,390,56,235,510,434,160,474,529,112,199,365,388,194,224,495,37,383,137,177,493,91,10,518,188,127,280,273,190,66,126,254,439,412,207,304,238,203,80,441,293,464,246,161,351,7,384,308,339,233,208,129,48,262,85,319,143,205,335,338,259,406,173,51,438,431,50,192,58,245,307,395,323,517,457,70,507,206,154,215,74,165,525,181,341,68,166,455,295,182,183,451,123,24,191,346,303,140,67,330,487,342,363,20,28,268,157,184,301,407,430,398,45,96,171,378,423,21,232,244,116,326,362,253,251,392,400,296,290,79,458,494,81,526,64,445,172,393,281,6,269,521,151,83,361,234,530,497,289,134,204,202,462,291,511,452,153,237,461,17,394,236,4,488,468,222,491,265,12,27,422,77,498,135,321,106,432,496,193,138,300,414,463,132,282,329,226,516,459,242,14,34,453,317,99,524,216,95,38,447,240,411,386,78,292,174,30,75,360,377,227,167,391,9,299,214,271,144,389,49,255,158,418,328,23,108,149,44,409,286,467,481,347,42,62,258,270,133,316,331,8,535,1,71,252,141,33,482,213,387,162,375,310,425,379,100,490,179,368,39,302,436,105,147,197,229,475,345,241,266,504,397,499,311,353,442,225,263,514,344,176,332,456,111,477,107,428,354,381,76,505,170,189,352,349,343,230,485,403,128,19,446,500,195,325,52,88,110,486,92,60,297,152,250,336,449,314,294,279,502,101,380,54,426,196,533,305,288,145,243,356,121,146,247,355,506,489,210,385,114,156,228,371,440,512,142,480,320,322,466,136,257,94,337,382,15,484,41,528,248,523,220,476,357,118,113,209,260,159,435,40,277,327,47,239,164,218,473,374,402,150,408,444,433,261,53,373,275,527,364,276,63,460,366,32,5,249,404,29,450,429,508,465,31,36,69,73,175,413,503,264,376,72,424,274,334,284,309,97,16,219,454,35,84,168,333,420,522,312,18,534,61,22,256,513,324,492,415,479,180,212,532,82,155,520,26,104,367,223,11,130,359,122,148,278,86,115,443,478,198,483,120,471,287,59,119,124,163,211,217,221,315,185,515,405,272,348,421,427,267,93,396,306,369,125,169,519,57,401,437,131,470,13,103,509,531,417,370,372,178,285,419,318,43,46,139,313,448,25,472,87,399,410,469,65,89,298,231,416,
alpha: 0.8200000000000001,
min_temp: 7,
best_time: 0.6884136199951172,
