NAME = AISearchfile535,
TOURSIZE = 535,
LENGTH = 50393,
451,455,295,182,183,166,68,341,181,525,165,74,215,154,206,507,70,457,517,323,395,307,406,173,438,51,431,50,192,245,58,7,262,48,129,205,143,85,319,208,338,335,233,259,339,308,384,10,91,493,177,137,383,37,495,224,194,388,365,199,112,529,235,510,56,390,55,102,3,160,434,474,38,447,411,99,317,240,524,216,95,135,193,27,422,12,496,498,77,491,222,265,236,394,17,468,488,4,132,463,414,138,300,432,321,106,161,518,351,254,439,207,304,293,412,203,238,441,80,464,246,188,127,280,273,126,190,66,123,24,191,346,303,140,67,330,487,342,363,20,28,268,157,184,301,398,430,407,45,96,171,116,244,232,21,423,378,326,362,253,251,392,400,296,290,79,458,494,81,526,64,445,172,393,281,6,269,521,151,83,361,234,530,497,289,134,204,462,202,291,511,452,153,237,461,14,34,453,282,329,226,516,459,242,30,75,386,78,292,174,109,200,358,90,187,340,201,186,2,98,501,117,350,283,377,360,227,167,391,9,214,299,271,144,389,49,255,158,418,328,23,108,149,409,44,286,467,481,347,42,62,258,270,133,442,353,311,499,397,504,241,266,345,475,229,197,147,100,490,179,368,39,302,436,105,535,331,8,316,379,310,425,1,71,252,387,213,482,33,141,162,375,225,263,514,344,176,332,456,477,111,107,428,381,354,76,505,399,87,472,25,448,313,139,43,46,444,408,150,433,327,47,239,164,218,473,374,402,318,53,373,275,527,364,276,63,460,366,32,5,249,404,29,450,73,69,36,31,465,508,429,175,413,503,264,376,72,424,274,334,284,309,97,84,35,454,219,16,168,333,420,522,312,155,82,532,212,180,520,479,415,492,324,513,256,22,61,534,18,223,367,104,26,11,130,359,122,148,278,115,443,86,478,198,483,217,211,163,124,119,59,287,471,120,221,315,185,515,405,272,421,348,427,285,178,419,396,93,267,372,370,131,470,13,103,509,531,417,437,401,57,519,169,125,369,306,261,277,40,435,159,260,209,113,118,146,247,355,506,489,210,385,114,357,476,220,523,248,528,41,484,15,382,337,94,257,136,466,322,320,480,142,512,440,371,228,156,356,121,243,145,288,305,533,196,426,101,380,54,502,60,297,152,250,336,449,314,294,279,349,343,230,485,403,128,19,446,500,195,325,52,88,110,486,92,352,189,170,410,469,89,65,298,231,416,
alpha: 0.8200000000000001,
min_temp: 6,
best_time: 7.371601104736328,
