NAME = AISearchfile048,
TOURSIZE = 48,
LENGTH = 12650,
22,24,38,29,31,21,47,7,1,46,28,25,18,32,19,13,44,17,39,30,3,45,26,16,20,5,10,48,40,33,42,36,12,2,4,11,41,27,14,9,37,34,8,35,15,6,23,43,
alpha: 0.8200000000000001,
min_temp: 6,
best_time: 53.82709288597107,
