NAME = AISearchfile048,
TOURSIZE = 48,
LENGTH = 12946,
2,4,33,42,36,39,30,28,46,20,16,26,45,3,24,22,43,14,9,38,29,31,21,5,10,17,44,13,27,41,11,7,47,48,40,35,15,6,23,18,25,32,19,37,34,8,1,12,
alpha: 0.8200000000000001,
min_temp: 9,
best_time: 8.575073957443237,
