NAME = AISearchfile048,
TOURSIZE = 48,
LENGTH = 12940,
13,35,15,6,23,43,22,24,3,45,11,4,33,42,36,30,39,7,47,48,40,8,34,37,19,32,10,5,21,31,41,27,14,9,38,29,46,1,12,2,20,16,26,18,25,28,17,44,
alpha: 0.8200000000000001,
min_temp: 8,
best_time: 17.365572690963745,
