NAME = AISearchfile048,
TOURSIZE = 48,
LENGTH = 13300,
2,4,11,41,31,21,5,10,27,13,44,17,28,25,18,7,47,48,23,6,15,35,8,1,32,19,34,37,9,14,43,22,24,38,29,46,20,16,26,45,3,30,39,40,33,42,36,12,
alpha: 0.8200000000000001,
min_temp: 5,
best_time: 0.3400905132293701,
