NAME = AISearchfile048,
TOURSIZE = 48,
LENGTH = 13235,
11,4,2,12,46,28,25,18,9,14,33,40,35,15,6,19,32,26,45,3,24,23,43,22,20,5,10,48,47,21,31,37,34,8,1,7,16,38,29,42,36,30,39,17,44,13,27,41,
alpha: 0.8200000000000001,
min_temp: 4,
best_time: 1.2237279415130615,
