NAME = AISearchfile048,
TOURSIZE = 48,
LENGTH = 12849,
2,4,33,28,25,18,23,6,15,35,40,48,47,7,1,8,34,37,19,32,26,16,20,46,29,38,9,14,43,22,24,3,45,11,41,31,21,5,10,27,13,44,17,39,30,42,36,12,
alpha: 0.8200000000000001,
min_temp: 2,
best_time: 0.3311150074005127,
