NAME = AISearchfile048,
TOURSIZE = 48,
LENGTH = 13084,
2,4,11,23,7,47,21,31,41,27,13,44,17,5,10,48,40,35,15,6,19,32,18,25,28,33,42,36,39,30,16,26,45,3,24,20,22,43,14,9,37,34,8,38,29,46,1,12,
alpha: 0.8200000000000001,
min_temp: 7,
best_time: 8.391564846038818,
