NAME = AISearchfile048,
TOURSIZE = 48,
LENGTH = 13138,
20,34,37,9,18,25,46,29,38,8,35,15,6,23,48,47,43,14,40,33,42,36,12,2,4,11,41,31,21,5,10,27,13,44,17,28,30,39,7,1,19,32,26,45,3,24,22,16,
alpha: 0.8200000000000001,
min_temp: 1,
best_time: 1.7652804851531982,
