NAME = AISearchfile048,
TOURSIZE = 48,
LENGTH = 13478,
7,2,12,46,28,47,48,10,5,21,31,29,38,8,1,19,37,34,4,11,41,27,13,44,17,39,30,36,42,33,40,35,15,6,23,24,3,45,26,32,18,25,9,14,43,22,20,16,
alpha: 0.8200000000000001,
min_temp: 3,
best_time: 0.2702772617340088,
