NAME = AISearchfile042,
TOURSIZE = 42,
LENGTH = 1092,
8,14,5,34,21,33,29,15,31,26,19,20,37,18,23,35,24,22,16,32,12,6,10,38,1,7,36,13,4,28,17,41,30,11,40,27,3,42,9,2,39,25,
alpha: 0.8200000000000001,
min_temp: 6,
best_time: 10.877502679824829,
