NAME = AISearchfile042,
TOURSIZE = 42,
LENGTH = 1075,
39,2,8,14,5,34,4,28,17,41,30,11,40,27,18,37,20,19,26,31,15,29,36,7,13,23,35,33,21,16,22,9,42,32,12,6,10,38,1,24,3,25,
alpha: 0.8200000000000001,
min_temp: 5,
best_time: 37.41183590888977,
