NAME = AISearchfile042,
TOURSIZE = 42,
LENGTH = 1068,
13,21,33,29,15,31,26,19,20,37,18,27,3,11,16,22,39,2,8,14,5,34,4,28,17,41,23,35,24,30,40,36,7,1,38,10,6,12,32,42,9,25,
alpha: 0.8200000000000001,
min_temp: 4,
best_time: 22.65842890739441,
