NAME = AISearchfile042,
TOURSIZE = 42,
LENGTH = 1056,
39,2,8,14,5,34,4,28,17,41,23,35,24,3,27,18,37,20,19,26,31,15,29,33,21,16,22,9,42,32,12,6,10,38,1,7,36,13,30,11,40,25,
alpha: 0.8200000000000001,
min_temp: 1,
best_time: 32.38299822807312,
