NAME = AISearchfile042,
TOURSIZE = 42,
LENGTH = 1158,
39,42,9,38,10,6,12,30,13,4,28,17,41,23,35,24,1,3,11,16,22,15,29,33,21,18,27,32,31,26,19,20,37,7,36,34,5,14,8,2,40,25,
alpha: 0.8200000000000001,
min_temp: 9,
best_time: 19.973956823349,
