NAME = AISearchfile042,
TOURSIZE = 42,
LENGTH = 1114,
9,2,8,14,5,21,33,29,36,7,1,38,10,13,4,28,23,35,24,30,41,17,34,19,26,37,20,31,15,22,39,42,32,16,11,3,27,18,12,6,40,25,
alpha: 0.8200000000000001,
min_temp: 8,
best_time: 14.239876508712769,
