NAME = AISearchfile042,
TOURSIZE = 42,
LENGTH = 1114,
9,22,16,12,6,10,13,30,41,17,34,4,28,23,35,24,1,38,32,42,39,2,8,14,5,15,31,26,19,20,37,18,27,3,11,21,33,29,36,7,40,25,
alpha: 0.8200000000000001,
min_temp: 7,
best_time: 23.123960971832275,
