NAME = AISearchfile042,
TOURSIZE = 42,
LENGTH = 1060,
39,2,8,14,5,34,4,28,17,41,30,24,35,23,15,29,33,21,13,36,7,1,38,10,6,12,3,27,18,37,20,19,26,31,32,42,9,22,16,11,40,25,
alpha: 0.8200000000000001,
min_temp: 2,
best_time: 14.054542541503906,
