NAME = AISearchfile042,
TOURSIZE = 42,
LENGTH = 1064,
39,2,8,14,5,34,4,28,17,41,38,10,6,12,32,42,9,40,11,30,24,35,23,15,29,33,21,16,22,3,27,18,37,20,19,26,31,1,7,36,13,25,
alpha: 0.8200000000000001,
min_temp: 3,
best_time: 6.049087047576904,
