NAME = AISearchfile021,
TOURSIZE = 21,
LENGTH = 2549,
18,17,1,7,14,4,5,9,6,8,10,15,3,2,19,21,13,11,16,12,20,
alpha: 0.8200000000000001,
min_temp: 6,
best_time: 0.34331440925598145,
