NAME = AISearchfile021,
TOURSIZE = 21,
LENGTH = 2549,
8,6,9,5,4,14,7,1,17,18,20,12,16,11,3,2,19,21,13,15,10,
alpha: 0.8200000000000001,
min_temp: 8,
best_time: 0.3480703830718994,
