NAME = AISearchfile021,
TOURSIZE = 21,
LENGTH = 2611,
4,14,7,1,17,18,2,3,15,10,8,6,9,5,20,12,16,11,13,21,19,
alpha: 0.8200000000000001,
min_temp: 1,
best_time: 30.664839029312134,
