NAME = AISearchfile021,
TOURSIZE = 21,
LENGTH = 2549,
2,3,11,16,12,20,18,17,1,7,14,4,5,9,6,8,10,15,13,21,19,
alpha: 0.8200000000000001,
min_temp: 4,
best_time: 0.21642041206359863,
