NAME = AISearchfile026,
TOURSIZE = 26,
LENGTH = 1475,
8,22,23,16,25,26,4,15,19,9,6,3,24,5,2,10,17,20,13,18,1,14,12,11,21,7,
alpha: 0.8200000000000001,
min_temp: 7,
best_time: 14.111486911773682,
