NAME = AISearchfile026,
TOURSIZE = 26,
LENGTH = 1475,
23,16,25,4,15,19,9,6,18,13,20,17,10,2,5,24,3,26,8,22,12,14,1,11,21,7,
alpha: 0.8200000000000001,
min_temp: 8,
best_time: 0.749021053314209,
