NAME = AISearchfile026,
TOURSIZE = 26,
LENGTH = 1473,
23,16,25,26,8,22,12,14,6,9,19,15,4,3,24,5,2,10,17,20,13,18,1,11,21,7,
alpha: 0.8200000000000001,
min_temp: 1,
best_time: 0.692680835723877,
