NAME = AISearchfile026,
TOURSIZE = 26,
LENGTH = 1474,
23,16,25,4,15,19,9,6,14,12,22,8,26,3,24,5,2,10,17,20,13,18,1,11,21,7,
alpha: 0.8200000000000001,
min_temp: 9,
best_time: 13.870120525360107,
