NAME = AISearchfile180,
TOURSIZE = 180,
LENGTH = 2160,
180,71,122,21,8,4,92,150,145,74,158,86,9,128,85,107,40,138,177,89,78,175,87,121,152,31,148,17,83,146,97,2,141,61,178,76,99,151,100,38,113,96,133,20,45,143,58,166,62,94,44,153,79,26,3,171,41,157,170,111,67,155,80,52,43,101,176,88,134,69,55,165,23,91,81,13,98,127,169,142,29,117,120,105,149,124,173,33,15,163,114,90,56,11,12,116,63,140,73,125,102,32,72,35,167,7,131,164,68,42,59,54,49,95,130,154,10,129,60,48,5,103,147,93,135,84,70,162,112,123,168,27,14,53,174,137,51,106,144,30,82,115,160,172,1,47,18,65,119,22,6,161,39,179,109,64,46,156,108,104,24,77,75,159,126,136,37,28,118,34,110,50,57,36,66,25,19,16,132,139,
alpha: 0.8200000000000001,
min_temp: 6,
best_time: 0.36549997329711914,
