NAME = AISearchfile180,
TOURSIZE = 180,
LENGTH = 2470,
132,40,138,177,89,78,175,87,121,152,180,71,144,30,25,66,24,104,108,156,6,22,137,174,53,14,118,34,178,61,141,2,57,36,171,41,52,80,155,67,111,149,105,101,176,48,60,129,10,154,77,109,179,39,161,43,124,173,81,91,23,165,55,69,117,120,157,170,1,47,18,65,51,106,140,73,54,49,75,159,32,72,35,167,59,42,148,135,84,143,58,166,62,86,158,70,162,21,122,12,11,100,151,17,83,146,97,38,113,96,133,45,20,94,44,153,79,26,3,31,64,46,163,114,95,130,15,33,150,92,28,37,136,126,82,115,5,103,147,93,19,16,107,85,112,123,168,27,172,160,119,134,88,68,164,131,7,116,63,56,90,9,128,13,98,127,169,142,29,102,125,99,76,110,50,145,74,4,8,139,
alpha: 0.8200000000000001,
min_temp: 7,
best_time: 1.1743133068084717,
