NAME = AISearchfile180,
TOURSIZE = 180,
LENGTH = 2060,
134,119,65,18,47,1,139,132,40,138,177,89,78,175,87,121,152,31,94,44,153,79,26,3,82,115,160,172,14,53,174,137,51,106,144,30,180,71,122,21,8,4,171,41,161,39,179,109,64,46,156,108,104,24,25,66,36,57,77,154,90,56,7,131,164,68,42,59,54,116,63,140,73,125,102,32,72,35,167,13,98,127,169,142,29,117,120,105,149,124,173,9,128,81,91,10,129,60,48,159,75,11,12,114,163,15,33,49,95,130,23,165,55,69,135,84,70,162,19,16,107,85,112,123,168,27,5,103,147,93,126,136,37,28,118,34,110,50,92,150,145,74,158,86,62,166,58,143,45,20,133,96,113,38,100,151,99,76,178,61,141,2,97,146,83,17,148,88,6,22,176,101,43,52,80,155,67,111,170,157,
alpha: 0.8200000000000001,
min_temp: 4,
best_time: 0.35929059982299805,
