NAME = AISearchfile180,
TOURSIZE = 180,
LENGTH = 2480,
99,76,178,61,141,2,175,78,26,3,180,102,125,73,140,63,116,12,11,173,124,170,169,127,38,113,96,133,20,45,57,36,24,25,66,64,46,105,108,104,159,75,33,15,163,114,90,56,10,94,44,32,72,35,167,100,151,121,87,83,17,148,88,134,119,65,176,101,43,52,120,117,29,142,80,155,67,111,161,39,136,126,160,172,1,47,18,31,152,171,41,7,131,164,68,42,59,54,49,95,130,154,77,109,179,37,28,118,34,107,85,112,123,135,84,70,162,9,128,158,86,62,166,58,143,50,110,16,19,93,147,69,55,165,23,91,81,74,145,150,92,4,8,21,122,71,82,115,103,5,48,60,129,22,6,157,149,156,98,13,168,27,14,53,174,137,97,146,51,106,144,30,153,79,89,177,138,40,132,139,
alpha: 0.8200000000000001,
min_temp: 8,
best_time: 0.6103103160858154,
