NAME = AISearchfile180,
TOURSIZE = 180,
LENGTH = 1980,
90,114,163,15,33,75,159,48,60,129,10,49,54,59,42,68,164,131,7,77,154,130,95,56,11,12,116,63,140,73,125,102,32,72,35,167,13,98,127,169,142,29,117,120,105,149,124,173,9,128,81,91,23,165,55,69,135,84,70,162,4,8,21,122,71,180,3,26,79,153,44,94,20,45,143,58,166,62,86,158,74,145,150,92,2,141,61,178,76,99,151,100,38,113,96,133,1,47,18,65,119,134,88,148,17,83,146,97,6,22,176,101,43,52,80,155,67,111,170,157,14,53,174,137,51,106,144,30,82,115,160,172,5,103,147,93,19,16,107,85,112,123,168,27,25,66,36,57,50,110,34,118,28,37,136,126,171,41,161,39,179,109,64,46,156,108,104,24,31,152,121,87,175,78,89,177,138,40,132,139,
alpha: 0.8200000000000001,
min_temp: 1,
best_time: 0.29680514335632324,
