NAME = AISearchfile180,
TOURSIZE = 180,
LENGTH = 2430,
97,146,83,17,10,129,62,166,48,60,142,169,127,98,13,165,23,91,81,128,9,153,45,20,94,44,32,72,100,38,113,96,133,118,34,145,74,158,86,4,8,21,122,71,180,3,26,79,102,125,73,140,49,54,171,41,131,7,77,154,130,95,11,12,116,63,56,90,114,163,31,152,121,87,175,78,89,177,138,40,15,33,5,103,147,93,173,124,104,24,126,136,37,28,61,178,92,150,2,141,1,47,151,18,65,157,170,111,67,14,53,16,19,172,160,119,134,88,148,55,69,135,84,70,162,143,58,57,36,179,109,50,110,76,99,35,167,59,42,68,164,39,161,66,25,27,168,123,112,29,117,120,105,149,108,156,43,52,80,155,75,159,64,46,101,176,22,6,115,82,30,144,106,51,137,174,107,85,132,139,
alpha: 0.8200000000000001,
min_temp: 5,
best_time: 1.025306224822998,
