NAME = AISearchfile180,
TOURSIZE = 180,
LENGTH = 2020,
94,44,153,79,26,3,180,71,122,21,8,4,162,70,84,135,69,55,165,23,91,81,128,9,173,124,149,105,120,117,29,142,169,127,98,13,167,35,72,32,102,125,73,140,15,33,75,159,48,60,129,10,113,38,100,151,99,76,178,61,141,2,145,74,158,86,62,166,58,143,45,20,133,96,92,150,28,37,136,126,25,66,36,57,50,110,34,118,5,103,147,93,19,16,107,85,112,123,168,27,14,53,174,137,51,106,144,30,82,115,160,172,1,47,18,65,119,134,88,148,17,83,152,31,24,104,108,156,46,64,109,179,163,114,90,56,63,116,12,11,77,154,130,95,49,54,59,42,68,164,131,7,171,41,161,39,157,170,111,67,155,80,52,43,101,176,22,6,97,146,121,87,175,78,89,177,138,40,132,139,
alpha: 0.8200000000000001,
min_temp: 2,
best_time: 0.4177703857421875,
