NAME = AISearchfile180,
TOURSIZE = 180,
LENGTH = 3250,
157,41,171,138,40,132,139,17,83,2,141,10,129,5,174,110,53,12,7,15,33,4,8,91,81,93,160,1,47,152,31,148,88,67,75,159,120,117,125,102,99,76,178,61,175,78,123,112,124,173,69,55,168,90,154,77,24,104,177,89,27,14,111,134,42,59,39,161,169,127,101,176,56,158,94,44,144,155,80,142,29,167,13,98,156,108,170,97,146,121,87,85,107,16,19,172,28,37,131,36,57,45,118,34,20,92,60,48,62,166,43,52,149,165,23,68,164,25,66,103,147,105,135,84,65,18,130,116,63,114,163,126,136,58,143,113,38,35,151,100,11,49,54,73,140,95,119,106,51,32,72,96,133,150,50,145,74,128,9,162,70,21,46,64,180,71,122,86,153,79,137,22,6,115,82,30,26,3,109,179,
alpha: 0.8200000000000001,
min_temp: 9,
best_time: 1.9596295356750488,
