NAME = AISearchfile180,
TOURSIZE = 180,
LENGTH = 1980,
48,60,129,10,56,90,114,163,15,33,75,159,1,47,18,65,119,134,88,148,17,83,146,157,170,111,67,155,80,52,43,101,176,22,6,172,160,115,82,30,144,106,51,137,174,53,14,27,168,123,112,85,107,16,19,93,147,103,5,126,136,37,28,118,34,110,50,57,36,66,25,171,41,161,39,179,109,64,46,156,108,104,24,77,154,130,95,49,54,59,42,68,164,131,7,167,35,72,32,102,125,73,140,63,116,12,11,173,124,149,105,120,117,29,142,169,127,98,13,162,70,84,135,69,55,165,23,91,81,128,9,94,44,153,79,26,3,180,71,122,21,8,4,92,150,145,74,158,86,62,166,58,143,45,20,133,96,113,38,100,151,99,76,178,61,141,2,97,40,138,177,89,78,175,87,121,152,31,139,132,
alpha: 0.8200000000000001,
min_temp: 3,
best_time: 0.04686403274536133,
